$SPEC_ID:
No sample description was entered.
$SPEC_REM:
DET# 1
DETDESC# PC6 MCB 339
AP# Maestro Version 7.01
$DATE_MEA:
04/15/2026 16:06:55
$MEAS_TIM:
600 608
$DATA:
0 2047
       0
       0
       0
       0
       0
       0
       0
       0
       0
       0
       0
       0
       0
       0
       0
       0
       0
       0
       0
       0
      17
     248
     510
     807
     993
    1019
    1062
    1088
    1088
    1118
    1217
    1217
    1316
    1260
    1284
    1380
    1513
    1534
    1682
    1859
    2126
    2474
    2867
    3505
    4154
    4815
    5739
    6276
    6832
    7565
    7865
    7948
    7689
    7419
    7096
    6313
    5854
    5249
    4584
    4062
    3547
    3123
    2546
    2235
    2022
    1765
    1607
    1449
    1228
    1190
    1101
    1033
     995
     990
     951
     941
     956
     918
     933
     914
     927
     983
     969
     985
     958
    1037
     988
     928
    1013
     974
    1002
    1009
    1002
    1008
    1076
    1042
    1119
    1133
    1092
    1130
    1125
    1175
    1228
    1248
    1297
    1431
    1498
    1539
    1654
    1697
    1760
    1912
    1993
    2083
    2115
    2210
    2263
    2265
    2316
    2319
    2245
    2240
    2135
    2042
    1956
    1943
    1873
    1693
    1660
    1623
    1640
    1553
    1536
    1458
    1459
    1450
    1335
    1376
    1332
    1319
    1221
    1248
    1203
    1166
    1095
    1048
    1100
     982
     952
     992
     875
     913
     858
     883
     904
     834
     866
     930
     858
     862
     872
     919
     838
     876
     836
     912
     886
     845
     837
     856
     909
     907
     937
     886
     838
     901
     930
     910
     961
     913
     955
     940
     941
     914
     944
     899
     998
     924
     938
     957
     920
     918
     938
     876
     984
     944
     921
     869
     893
     897
     908
     956
     911
     883
     903
     943
     924
     922
     912
     911
     927
     967
     916
     886
     938
     940
     925
     862
     936
     884
     936
     916
     930
     956
     963
     927
     941
     876
     881
     950
     959
     906
     989
     917
     922
     959
     939
     910
     923
     926
     894
    1011
     927
     932
     931
     962
     992
     977
     988
     957
     998
     993
     969
    1006
    1007
    1016
     992
     973
    1072
    1076
    1033
    1130
    1092
    1094
    1109
    1144
    1225
    1199
    1200
    1260
    1317
    1328
    1282
    1264
    1330
    1364
    1352
    1378
    1424
    1419
    1423
    1394
    1461
    1392
    1445
    1368
    1431
    1392
    1485
    1398
    1415
    1482
    1437
    1369
    1366
    1414
    1400
    1365
    1412
    1341
    1373
    1301
    1320
    1455
    1335
    1390
    1344
    1342
    1390
    1288
    1260
    1317
    1341
    1353
    1354
    1324
    1265
    1278
    1295
    1246
    1279
    1276
    1282
    1286
    1259
    1232
    1187
    1196
    1207
    1191
    1195
    1169
    1233
    1161
    1149
    1188
    1125
    1121
    1225
    1135
    1143
    1128
    1111
    1155
    1092
    1134
    1104
    1084
    1084
    1028
    1058
    1034
    1096
    1057
    1043
    1042
     959
    1004
     996
    1075
     996
    1042
     975
     971
    1029
     983
     984
     952
     963
     992
    1020
     912
     946
     902
     930
     996
     956
     892
     965
     943
     925
     889
     899
     952
     932
     935
     888
     924
     868
     933
     942
     840
     921
     911
     840
     837
     873
     915
     876
     913
     819
     882
     874
     895
     862
     820
     867
     862
     816
     907
     827
     872
     846
     878
     835
     835
     847
     854
     891
     836
     834
     829
     840
     857
     808
     814
     818
     809
     788
     810
     844
     808
     868
     832
     797
     799
     810
     894
     856
     797
     859
     811
     803
     796
     839
     824
     829
     821
     811
     850
     858
     844
     826
     866
     848
     797
     848
     834
     816
     827
     786
     861
     846
     823
     827
     835
     786
     829
     807
     824
     787
     779
     911
     843
     817
     823
     809
     886
     855
     819
     803
     825
     812
     875
     868
     871
     847
     864
     791
     863
     889
     888
     884
     833
     874
     914
     873
     877
     907
     868
     897
     896
     860
     942
     841
     959
     892
     901
     903
     897
     886
     904
     943
     887
     927
     962
     907
     948
     937
     912
     964
     958
     977
     895
     949
     992
     995
     994
     961
     995
    1016
     934
     928
    1005
     969
    1004
    1008
     998
    1012
    1024
    1050
    1029
    1042
    1032
    1033
    1031
    1031
    1038
    1105
    1073
    1083
    1031
    1046
    1030
    1062
    1067
    1112
    1028
    1087
    1012
    1081
    1050
    1027
    1051
    1015
    1029
    1081
    1032
    1024
     979
    1036
    1005
    1016
    1002
    1003
     996
     978
     903
     933
     911
     885
     928
     880
     855
     863
     822
     734
     791
     724
     688
     659
     633
     658
     596
     598
     597
     631
     535
     556
     502
     481
     488
     421
     457
     389
     409
     371
     360
     350
     324
     337
     299
     295
     263
     299
     284
     293
     260
     275
     271
     243
     244
     201
     223
     227
     190
     200
     200
     192
     207
     195
     197
     174
     169
     199
     147
     175
     161
     162
     145
     161
     137
     139
     151
     161
     134
     132
     113
     132
     140
     116
     120
     112
     125
     128
     125
     121
     105
     114
     116
     108
     103
     100
     104
     109
     101
      99
     108
     107
     111
      94
     100
      82
     115
      98
      92
     118
     100
      98
     109
     110
     117
     115
     109
     107
     131
     120
     124
     127
     127
     141
     148
     167
     160
     171
     166
     229
     213
     221
     252
     266
     268
     257
     309
     331
     351
     390
     429
     366
     409
     494
     493
     559
     633
     606
     709
     738
     827
     843
     894
     996
    1018
    1139
    1232
    1342
    1435
    1488
    1519
    1644
    1809
    1870
    2059
    2076
    2209
    2207
    2333
    2496
    2599
    2698
    2754
    2714
    2879
    2729
    2799
    2927
    2921
    2875
    2951
    2727
    2677
    2637
    2564
    2350
    2281
    2207
    2034
    1972
    1769
    1662
    1490
    1451
    1200
    1093
     959
     795
     769
     701
     564
     561
     451
     363
     345
     282
     238
     155
     154
     150
      93
      94
      70
      61
      57
      42
      41
      18
      30
      29
      23
      16
      13
      14
      15
       9
       8
       8
      13
       7
       6
       2
       2
       5
       3
       4
       3
       2
       3
       3
       7
       3
       2
       3
       3
       4
       1
       1
       3
       1
       3
       3
       5
       2
       4
       6
       5
       2
       4
       4
       3
       7
       3
       3
       2
       6
       2
       5
       5
       4
       2
       3
       4
       1
       1
       3
       2
       0
       2
       1
       6
       4
       3
       1
       2
       8
       0
       4
       1
       2
       2
       3
       3
       3
       1
       2
       3
       7
       2
       6
       4
       7
       3
       2
       2
       4
       2
       2
       4
       1
       2
       3
       6
       2
       5
       2
       3
       2
       4
       1
       2
       0
       4
       2
       3
       2
       0
       3
       6
       2
       3
       2
       4
       1
       2
       3
       3
       4
       5
       3
       2
       5
       2
       5
       4
       2
       5
       1
       2
       1
       3
       1
       2
       1
       2
       2
       1
       2
       5
       0
       1
       3
       2
       3
       4
       2
       2
       2
       0
       2
       3
       1
       2
       4
       1
       1
       6
       4
       1
       1
       2
       3
       1
       2
       5
       0
       2
       2
       3
       2
       2
       2
       2
       6
       1
       1
       1
       2
       3
       2
       2
       0
       2
       5
       2
       1
       2
       0
       1
       3
       1
       1
       1
       0
       4
       3
       4
       1
       0
       2
       1
       5
       6
       1
       3
       3
       0
       4
       1
       2
       3
       1
       1
       3
       5
       1
       0
       2
       2
       2
       2
       2
       1
       4
       2
       1
       0
       2
       1
       3
       0
       2
       1
       0
       1
       1
       2
       3
       0
       0
       2
       3
       0
       2
       0
       3
       1
       3
       4
       1
       2
       1
       1
       1
       6
       2
       2
       0
       0
       0
       1
       2
       3
       2
       4
       2
       3
       1
       2
       2
       4
       1
       1
       2
       2
       3
       1
       3
       3
       0
       5
       2
       5
       0
       2
       3
       1
       2
       3
       1
       2
       1
       0
       3
       0
       2
       1
       2
       1
       0
       1
       4
       2
       1
       3
       1
       0
       0
       3
       1
       2
       4
       0
       1
       1
       2
       0
       1
       1
       1
       1
       3
       1
       0
       2
       2
       2
       1
       1
       1
       0
       0
       2
       0
       3
       2
       1
       2
       0
       2
       3
       0
       0
       0
       0
       1
       1
       0
       0
       0
       0
       0
       3
       3
       1
       1
       0
       2
       0
       1
       2
       3
       2
       1
       1
       2
       3
       2
       2
       1
       0
       1
       1
       4
       1
       0
       1
       1
       3
       3
       3
       0
       1
       2
       4
       2
       3
       2
       3
       0
       1
       2
       3
       0
       1
       1
       2
       2
       1
       3
       1
       1
       0
       1
       0
       0
       1
       1
       3
       2
       3
       1
       1
       2
       2
       1
       2
       3
       2
       0
       1
       1
       3
       1
       3
       3
       5
       5
       5
       5
       2
       5
      12
       7
       7
       6
       9
       7
       8
       9
      15
       8
       9
      13
       9
      23
      17
      14
      12
      15
      14
      14
      22
      11
      17
      17
      27
      17
      18
      23
      23
      24
      35
      27
      25
      22
      34
      20
      36
      35
      20
      27
      26
      33
      23
      26
      24
      34
      31
      19
      21
      25
      32
      34
      21
      35
      32
      38
      32
      34
      36
      28
      26
      41
      29
      35
      27
      25
      22
      27
      18
      21
      24
      23
      16
      14
      19
      13
      16
      19
      12
      14
       9
      14
      22
      12
      15
       8
      20
      17
      13
      22
      12
      18
      13
      13
      14
      18
      11
      17
      15
      14
      10
       6
       4
       5
       5
       2
       3
       3
       0
       2
       3
       0
       3
       1
       0
       1
       0
       0
       0
       0
       0
       0
       1
       0
       0
       0
       0
       0
       0
       0
       0
       0
       0
       0
       0
       0
       0
       0
       0
       0
       1
       0
       0
       0
       0
       0
       0
       0
       0
       0
       0
       0
       0
       0
       0
       0
       0
       0
       0
       0
       0
       0
       0
       1
       0
       0
       0
       0
       1
       0
       0
       0
       0
       0
       0
       0
       0
       0
       0
       1
       0
       0
       1
       0
       0
       0
       0
       0
       0
       0
       0
       0
       0
       0
       0
       0
       0
       0
       1
       0
       0
       0
       0
       0
       0
       0
       0
       0
       0
       0
       0
       0
       0
       0
       0
       0
       0
       0
       0
       0
       1
       0
       0
       1
       0
       0
       0
       0
       0
       0
       0
       0
       0
       0
       1
       0
       0
       0
       0
       0
       0
       0
       0
       0
       0
       0
       0
       0
       1
       1
       0
       0
       1
       0
       0
       0
       0
       0
       0
       0
       0
       0
       0
       0
       0
       0
       0
       2
       0
       0
       0
       1
       0
       0
       1
       1
       0
       2
       2
       1
       0
       0
       1
       1
       0
       0
       0
       0
       1
       0
       0
       0
       0
       0
       0
       0
       0
       0
       1
       0
       0
       0
       0
       0
       0
       0
       0
       0
       0
       0
       0
       1
       0
       0
       0
       0
       0
       0
       0
       0
       0
       0
       0
       0
       0
       0
       0
       0
       0
       0
       0
       0
       0
       0
       0
       0
       0
       0
       0
       0
       0
       0
       0
       0
       0
       0
       0
       0
       0
       0
       0
       0
       0
       0
       0
       0
       0
       0
       0
       0
       0
       0
       0
       0
       0
       0
       0
       0
       0
       0
       1
       0
       0
       0
       0
       0
       0
       0
       0
       0
       0
       0
       0
       0
       0
       0
       0
       0
       0
       0
       0
       0
       0
       0
       0
       0
       0
       0
       0
       0
       0
       0
       0
       0
       0
       0
       0
       0
       0
       0
       0
       0
       0
       0
       0
       0
       0
       0
       0
       0
       0
       0
       0
       0
       0
       0
       0
       0
       0
       0
       0
       0
       0
       0
       0
       0
       0
       0
       0
       0
       0
       0
       0
       0
       0
       0
       0
       0
       0
       0
       0
       0
       0
       0
       0
       0
       0
       0
       0
       0
       0
       0
       0
       0
       0
       0
       0
       0
       0
       0
       0
       0
       0
       0
       0
       0
       0
       0
       0
       0
       0
       0
       0
       0
       0
       0
       0
       0
       0
       0
       0
       0
       0
       0
       0
       0
       0
       0
       0
       0
       0
       0
       0
       0
       0
       0
       0
       0
       0
       0
       0
       0
       0
       0
       0
       0
       0
       0
       0
       0
       0
       0
       0
       0
       0
       0
       0
       0
       0
       0
       0
       0
       0
       0
       0
       0
       0
       0
       0
       0
       0
       0
       0
       0
       0
       0
       0
       0
       0
       0
       0
       0
       0
       0
       0
       0
       0
       0
       0
       0
       0
       0
       0
       0
       0
       0
       0
       0
       0
       0
       0
       0
       0
       0
       0
       0
       0
       0
       0
       0
       0
       0
       0
       0
       0
       0
       0
       0
       0
       0
       0
       0
       0
       0
       0
       0
       0
       0
       0
       0
       0
       0
       0
       0
       0
       0
       0
       0
       0
       0
       0
       0
       0
       0
       0
       0
       0
       0
       0
       0
       0
       0
       0
       0
       0
       0
       0
       0
       0
       0
       0
       0
       0
       0
       0
       0
       0
       0
       0
       0
       0
       0
       0
       0
       0
       0
       0
       0
       0
       0
       0
       0
       0
       0
       0
       0
       0
       0
       0
       0
       0
       0
       0
       0
       0
       0
       0
       0
       0
       0
       0
       0
       0
       0
       0
       0
       0
       0
       0
       0
       0
       0
       0
       0
       0
       0
       0
       0
       0
       0
       0
       0
       0
       0
       0
       0
       0
       0
       0
       0
       0
       0
       0
       0
       0
       0
       0
       0
       0
       0
       0
       0
       0
       0
       0
       0
       0
       0
       0
       0
       0
       0
       0
       0
       0
       0
       0
       0
       0
       0
       0
       0
       0
       0
       0
       0
       0
       0
       0
       0
       0
       0
       0
       0
       0
       0
       0
       0
       0
       0
       0
       0
       0
       0
       0
       0
       0
       0
       0
       0
       0
       0
       0
       0
       0
       0
       0
       0
       0
       0
       0
       0
       0
       0
       0
       0
       0
       0
       0
       0
       0
       0
       0
       0
       0
       0
       0
       0
       0
       0
       0
       0
       0
       0
       0
       0
       0
       0
       0
       0
       0
       0
       0
       0
       0
       0
       0
       0
       0
       1
       0
       0
       0
       0
       0
       0
       0
       0
       0
       1
       0
       0
       0
       0
       0
       0
       0
       0
       0
$ROI:
1
1496 1511
$PRESETS:
Live Time
600
0
$ENER_FIT:
0.000000 0.000000
$MCA_CAL:
3
0.000000E+000 0.000000E+000 0.000000E+000 
$SHAPE_CAL:
3
0.000000E+000 0.000000E+000 0.000000E+000
