$SPEC_ID:
No sample description was entered.
$SPEC_REM:
DET# 1
DETDESC# PC6 MCB 339
AP# Maestro Version 7.01
$DATE_MEA:
04/15/2026 15:28:09
$MEAS_TIM:
600 605
$DATA:
0 2047
       0
       0
       0
       0
       0
       0
       0
       0
       0
       0
       0
       0
       0
       0
       0
       0
       0
       0
       0
       0
      22
     166
     312
     545
     665
     675
     708
     704
     717
     764
     789
     836
     847
     877
     865
     932
     942
     989
    1113
    1178
    1367
    1697
    1867
    2261
    2712
    3365
    3786
    4282
    4869
    5309
    5653
    5786
    5780
    5580
    5362
    4930
    4399
    4022
    3620
    3043
    2698
    2312
    2011
    1735
    1456
    1316
    1086
     998
     864
     784
     702
     698
     626
     653
     579
     626
     582
     643
     589
     626
     626
     602
     596
     642
     621
     582
     627
     636
     601
     569
     627
     606
     617
     596
     636
     642
     591
     611
     615
     655
     671
     584
     625
     633
     593
     638
     626
     577
     608
     633
     627
     610
     561
     586
     628
     534
     625
     554
     586
     578
     615
     624
     608
     602
     598
     601
     589
     587
     578
     620
     621
     593
     628
     582
     591
     600
     585
     599
     547
     623
     570
     632
     554
     592
     639
     553
     582
     595
     611
     575
     538
     580
     591
     547
     583
     624
     611
     601
     615
     562
     577
     569
     614
     615
     589
     625
     625
     574
     631
     610
     617
     646
     640
     598
     639
     576
     606
     632
     663
     643
     614
     647
     618
     667
     608
     622
     600
     612
     642
     645
     641
     618
     614
     595
     640
     623
     610
     632
     606
     673
     656
     607
     604
     600
     584
     676
     598
     609
     604
     588
     655
     638
     615
     660
     645
     639
     641
     602
     644
     627
     623
     628
     650
     633
     604
     591
     661
     613
     638
     623
     596
     668
     605
     604
     615
     636
     598
     587
     646
     629
     636
     608
     583
     613
     633
     580
     613
     578
     632
     680
     585
     639
     660
     665
     649
     631
     685
     635
     686
     691
     709
     702
     657
     703
     776
     754
     743
     767
     797
     757
     814
     839
     778
     843
     839
     837
     843
     852
     859
     854
     855
     843
     835
     848
     823
     857
     838
     890
     861
     854
     777
     791
     833
     876
     781
     809
     792
     755
     810
     784
     742
     763
     789
     687
     721
     737
     710
     741
     749
     694
     685
     729
     703
     705
     744
     732
     701
     703
     756
     662
     728
     722
     682
     670
     702
     667
     726
     696
     691
     691
     682
     709
     709
     734
     703
     679
     675
     670
     685
     645
     708
     672
     652
     659
     652
     677
     647
     653
     696
     691
     678
     706
     681
     669
     704
     697
     654
     616
     633
     656
     655
     715
     720
     631
     670
     680
     636
     672
     616
     660
     635
     657
     652
     616
     670
     630
     594
     647
     642
     571
     603
     647
     653
     656
     634
     605
     616
     616
     634
     622
     642
     609
     594
     625
     599
     615
     618
     661
     598
     613
     621
     559
     629
     625
     611
     599
     619
     635
     604
     625
     613
     634
     652
     652
     607
     602
     595
     633
     588
     577
     592
     617
     576
     649
     569
     584
     598
     547
     579
     547
     572
     564
     643
     608
     581
     593
     577
     608
     597
     589
     559
     631
     601
     590
     607
     592
     587
     607
     630
     603
     600
     599
     577
     626
     561
     591
     614
     551
     599
     603
     574
     631
     646
     581
     631
     624
     575
     598
     598
     625
     614
     651
     630
     554
     606
     621
     594
     601
     594
     636
     599
     603
     649
     599
     576
     649
     645
     595
     627
     621
     643
     653
     618
     680
     627
     621
     629
     636
     635
     625
     643
     624
     614
     647
     648
     632
     646
     662
     627
     634
     632
     643
     706
     678
     680
     719
     678
     639
     683
     615
     696
     658
     673
     714
     672
     686
     710
     721
     688
     723
     709
     697
     750
     731
     693
     725
     737
     716
     755
     764
     738
     716
     763
     802
     763
     790
     738
     795
     769
     726
     763
     744
     766
     786
     799
     771
     730
     784
     809
     785
     789
     772
     751
     756
     771
     821
     747
     777
     786
     781
     783
     797
     769
     726
     766
     773
     737
     743
     707
     706
     702
     723
     708
     682
     668
     640
     619
     650
     625
     585
     559
     559
     549
     492
     504
     480
     427
     459
     417
     411
     446
     418
     352
     352
     303
     311
     257
     301
     287
     283
     264
     269
     272
     217
     235
     215
     223
     203
     215
     193
     215
     173
     171
     173
     156
     157
     153
     147
     150
     155
     139
     163
     154
     146
     149
     118
     150
     119
     129
     108
     128
     113
     111
     115
     118
     118
     109
      80
      88
     101
      89
      84
      81
      92
      77
      87
      85
      77
      67
      81
      85
      80
      72
      61
      69
      70
      55
      86
      83
      78
      65
      84
      61
      77
      70
      63
      68
      75
      58
      76
      76
      85
      68
      77
      76
      66
      70
      78
      89
      88
      81
     107
      99
      86
      99
     109
      98
     123
      97
     114
     150
     137
     127
     158
     155
     179
     184
     201
     226
     241
     231
     239
     273
     278
     361
     329
     404
     401
     464
     476
     524
     572
     618
     691
     697
     804
     786
     949
     966
    1006
    1102
    1134
    1199
    1337
    1460
    1555
    1631
    1686
    1753
    1878
    1931
    1994
    2127
    2127
    2215
    2241
    2228
    2293
    2305
    2218
    2233
    2087
    2197
    2071
    1974
    1958
    1782
    1602
    1598
    1441
    1357
    1262
    1163
    1098
     911
     784
     755
     594
     521
     451
     404
     336
     314
     271
     228
     169
     180
     124
     113
      83
      73
      52
      50
      66
      21
      28
      13
      31
      16
      12
      17
       7
       7
       5
       5
       6
       7
       9
       3
       6
       4
       5
       3
       4
       2
       4
       1
       5
       3
       4
       2
       0
       2
       2
       3
       2
       1
       3
       0
       3
       3
       2
       4
       4
       0
       2
       4
       2
       2
       1
       2
       3
       2
       4
       3
       5
       5
       3
       3
       4
       3
       3
       2
       1
       0
       3
       5
       6
       4
       1
       4
       3
       4
       3
       4
       2
       0
       1
       3
       2
       3
       3
       3
       3
       4
       4
       7
       5
       2
       2
       2
       4
       4
       4
       1
       3
       2
       2
       4
       1
       1
       4
       2
       3
       4
       0
       2
       5
       5
       4
       1
       2
       2
       4
       2
       4
       3
       3
       3
       3
       5
       2
       2
       2
       2
       3
       5
       2
       3
       3
       2
       3
       4
       0
       2
       1
       0
       2
       1
       3
       1
       2
       3
       0
       2
       3
       3
       1
       5
       1
       4
       3
       2
       3
       2
       3
       2
       3
       3
       4
       3
       2
       1
       1
       1
       2
       3
       4
       4
       4
       2
       5
       3
       1
       1
       2
       1
       2
       2
       0
       4
       1
       1
       4
       0
       0
       1
       0
       1
       4
       4
       1
       1
       3
       2
       1
       5
       2
       3
       0
       2
       2
       1
       2
       1
       2
       1
       0
       1
       2
       5
       1
       1
       1
       0
       2
       2
       1
       0
       1
       0
       3
       1
       2
       2
       1
       2
       1
       0
       2
       2
       1
       2
       3
       3
       1
       1
       2
       0
       2
       0
       2
       2
       1
       1
       1
       0
       2
       2
       3
       2
       2
       0
       4
       1
       2
       3
       1
       1
       5
       3
       0
       2
       2
       2
       2
       2
       2
       0
       1
       1
       1
       2
       1
       0
       1
       2
       1
       3
       1
       0
       1
       1
       1
       2
       4
       4
       2
       4
       0
       0
       1
       2
       2
       0
       2
       3
       2
       1
       1
       4
       2
       2
       1
       2
       2
       0
       1
       2
       1
       2
       2
       1
       2
       0
       1
       1
       1
       0
       1
       0
       1
       2
       1
       2
       3
       3
       1
       0
       4
       1
       2
       1
       0
       0
       1
       0
       0
       1
       0
       2
       1
       1
       0
       1
       0
       1
       2
       1
       0
       0
       3
       0
       1
       0
       2
       2
       1
       4
       0
       1
       0
       3
       1
       1
       1
       2
       1
       0
       1
       0
       1
       1
       1
       3
       2
       1
       1
       4
       5
       2
       1
       4
       2
       1
       3
       2
       3
       1
       1
       1
       1
       1
       4
       0
       1
       1
       0
       0
       2
       0
       1
       0
       0
       2
       2
       0
       0
       0
       2
       1
       1
       1
       1
       0
       0
       3
       0
       2
       0
       2
       0
       2
       0
       0
       0
       4
       1
       2
       0
       2
       2
       2
       3
       7
       0
       4
       7
       3
       5
      12
       6
       4
       6
       7
       5
       4
      13
       6
      10
       5
      11
      12
      15
      14
      18
      15
      16
      15
      13
      22
      26
      15
      24
      21
      20
      16
      20
      23
      29
      33
      32
      25
      23
      29
      32
      35
      27
      29
      27
      21
      29
      29
      19
      34
      23
      30
      27
      24
      23
      25
      37
      15
      30
      27
      35
      29
      35
      27
      39
      24
      21
      27
      32
      18
      23
      31
      29
      24
      24
      17
      19
      24
      18
      17
      23
      17
      17
      19
      13
      17
      15
      13
      14
       9
      13
      21
      19
      19
      13
       9
      15
      18
      17
      20
      18
      17
      14
      15
      15
      14
      10
       7
      10
       6
       2
       2
       1
       1
       3
       1
       1
       4
       1
       0
       0
       0
       0
       1
       0
       0
       0
       0
       0
       1
       0
       0
       0
       0
       0
       0
       0
       0
       1
       0
       0
       0
       0
       1
       0
       0
       0
       0
       0
       0
       0
       0
       0
       0
       0
       0
       0
       0
       0
       0
       0
       0
       0
       0
       0
       0
       0
       0
       0
       0
       0
       0
       0
       0
       1
       0
       0
       0
       0
       0
       0
       0
       0
       0
       0
       0
       0
       0
       0
       0
       0
       0
       0
       0
       0
       0
       0
       0
       0
       0
       0
       0
       0
       1
       0
       0
       0
       0
       0
       1
       0
       1
       0
       0
       0
       0
       0
       0
       0
       0
       0
       0
       0
       1
       0
       0
       0
       0
       0
       0
       0
       0
       1
       0
       0
       0
       0
       0
       0
       0
       0
       0
       0
       0
       0
       1
       0
       0
       0
       0
       0
       0
       0
       0
       0
       0
       1
       0
       1
       0
       0
       0
       0
       0
       0
       0
       0
       0
       0
       1
       0
       0
       0
       1
       0
       0
       0
       1
       1
       1
       0
       0
       1
       0
       1
       0
       0
       0
       0
       1
       1
       1
       1
       0
       1
       0
       0
       0
       1
       1
       0
       1
       1
       0
       0
       0
       0
       0
       1
       1
       0
       0
       0
       0
       0
       0
       0
       0
       0
       0
       0
       0
       0
       0
       0
       0
       0
       0
       0
       0
       0
       0
       0
       0
       0
       0
       0
       0
       0
       0
       0
       0
       0
       0
       0
       0
       0
       0
       0
       0
       0
       0
       0
       0
       0
       0
       0
       0
       0
       0
       0
       0
       0
       0
       0
       0
       0
       0
       0
       0
       0
       0
       0
       0
       0
       0
       0
       0
       0
       0
       0
       0
       0
       0
       0
       0
       0
       0
       0
       0
       0
       0
       0
       0
       0
       0
       0
       0
       0
       0
       0
       0
       0
       0
       0
       0
       0
       0
       0
       0
       0
       0
       0
       0
       0
       0
       0
       0
       0
       0
       0
       0
       0
       0
       0
       0
       0
       0
       0
       0
       0
       0
       0
       0
       0
       0
       0
       0
       0
       0
       0
       0
       0
       0
       0
       0
       0
       0
       0
       0
       0
       0
       0
       0
       0
       0
       0
       0
       0
       0
       0
       0
       0
       0
       0
       0
       0
       0
       0
       0
       0
       0
       0
       0
       0
       0
       0
       0
       0
       0
       0
       0
       0
       0
       0
       0
       0
       0
       0
       0
       0
       0
       0
       0
       0
       0
       0
       0
       0
       0
       0
       0
       0
       0
       0
       0
       0
       0
       0
       0
       0
       0
       0
       0
       0
       0
       0
       0
       0
       0
       0
       0
       0
       0
       0
       0
       0
       0
       0
       0
       0
       0
       0
       0
       0
       0
       0
       0
       0
       0
       0
       0
       0
       0
       0
       0
       0
       0
       0
       0
       0
       0
       0
       0
       0
       0
       0
       0
       0
       0
       0
       0
       0
       0
       0
       0
       0
       0
       0
       0
       0
       0
       0
       0
       0
       0
       0
       0
       0
       0
       0
       0
       0
       0
       0
       0
       0
       0
       0
       0
       0
       0
       0
       0
       0
       0
       0
       0
       0
       0
       0
       0
       0
       0
       0
       0
       0
       0
       0
       0
       0
       0
       0
       0
       0
       0
       0
       0
       0
       0
       0
       0
       0
       0
       0
       0
       0
       0
       0
       0
       0
       0
       0
       0
       0
       0
       0
       0
       0
       0
       0
       0
       0
       0
       0
       0
       0
       0
       0
       0
       0
       0
       0
       0
       0
       0
       0
       0
       0
       0
       0
       0
       0
       0
       0
       0
       0
       0
       0
       0
       0
       0
       0
       0
       0
       0
       0
       0
       0
       0
       0
       0
       0
       0
       0
       0
       0
       0
       0
       0
       0
       0
       0
       0
       0
       0
       0
       0
       0
       0
       0
       0
       0
       0
       0
       0
       0
       0
       0
       0
       0
       0
       0
       0
       0
       0
       0
       0
       0
       0
       0
       0
       0
       0
       0
       0
       0
       0
       0
       0
       0
       0
       0
       0
       0
       0
       0
       0
       0
       0
       0
       0
       0
       0
       0
       0
       0
       0
       0
       0
       0
       0
       0
       0
       0
       0
       0
       0
       0
       0
       0
       0
       0
       0
       0
       0
       0
       0
       0
       0
       0
       0
       0
       0
       0
       0
       0
       0
       0
       0
       0
       0
       0
       0
       0
       0
       0
       0
       0
       0
       0
       0
       0
       0
       0
       1
       0
       0
       0
       0
       0
       0
       0
       0
       0
       0
       0
       0
       0
       0
       0
       0
       0
       0
       0
       0
       0
       0
       0
       0
       0
       0
       0
       0
       0
       0
       0
       0
       0
       0
       0
       0
       0
$ROI:
1
1496 1511
$PRESETS:
Live Time
600
0
$ENER_FIT:
0.000000 0.000000
$MCA_CAL:
3
0.000000E+000 0.000000E+000 0.000000E+000 
$SHAPE_CAL:
3
0.000000E+000 0.000000E+000 0.000000E+000
