$SPEC_ID:
No sample description was entered.
$SPEC_REM:
DET# 1
DETDESC# PC6 MCB 339
AP# Maestro Version 7.01
$DATE_MEA:
04/15/2026 15:50:34
$MEAS_TIM:
900 900
$DATA:
0 2047
       0
       0
       0
       0
       0
       0
       0
       0
       0
       0
       0
       0
       0
       0
       0
       0
       0
       0
       0
       0
       1
       8
      16
      35
      33
      32
      31
      41
      34
      34
      46
      47
      38
      40
      53
      39
      49
      43
      43
      36
      44
      47
      40
      51
      37
      55
      49
      43
      55
      76
      80
      86
     107
     114
     108
     134
     146
     166
     161
     158
     130
     143
     122
     100
      97
      82
      80
      73
      68
      49
      64
      60
      57
      54
      55
      60
      69
      71
      69
      64
      70
      60
      65
      78
      82
      66
      77
      61
      77
      77
      75
      77
      70
      85
     108
      87
      83
      95
      88
      86
      78
      85
     102
      94
      83
      96
      86
      82
     104
     104
     116
      94
     112
     100
      99
      95
      96
     103
      89
     104
     103
      84
      99
      96
     115
     106
     101
      96
      93
      95
      95
     111
     102
      99
      92
     107
      87
     106
     115
     105
      94
      91
     117
      96
     129
      96
      97
     103
     101
      82
      96
     117
      85
      97
      87
      88
      88
     104
      98
      96
      90
      83
      85
      80
      92
      90
      81
      89
      71
     102
      91
      95
      71
      86
      89
      77
      91
      84
      82
      81
      83
      79
      72
      80
      79
      87
      83
      92
      82
      90
      63
      72
      73
      77
      80
      79
      72
      85
      65
      68
      73
      67
      76
      61
      75
      62
      65
      70
      70
      65
      77
      66
      52
      75
      71
      55
      64
      77
      69
      43
      63
      56
      52
      68
      63
      64
      49
      54
      74
      48
      66
      68
      67
      60
      48
      60
      61
      54
      58
      51
      56
      48
      53
      69
      41
      41
      51
      55
      45
      49
      56
      43
      40
      47
      51
      50
      33
      48
      52
      40
      44
      43
      47
      41
      39
      37
      43
      27
      38
      41
      31
      52
      47
      40
      39
      39
      51
      41
      32
      35
      31
      42
      37
      33
      30
      33
      31
      32
      28
      33
      32
      32
      41
      35
      39
      30
      47
      26
      35
      33
      27
      26
      31
      30
      23
      29
      32
      29
      30
      28
      23
      25
      22
      32
      26
      34
      34
      30
      32
      21
      24
      19
      22
      17
      16
      19
      23
      28
      18
      20
      31
      20
      29
      31
      21
      29
      14
      23
      18
      27
      21
      20
      28
      18
      21
      20
      17
      10
      22
      19
      21
      23
      18
      22
      18
      18
      17
      16
      10
      23
      19
      20
      22
      18
      21
      15
      21
      10
      12
      18
      10
      21
      12
       9
      18
      19
      14
      10
      10
      13
      12
       9
      10
      14
      11
      13
      14
      11
      13
      13
       7
      11
      13
      12
      12
      12
      14
      14
      12
      14
      11
      12
      12
      12
       9
      19
       7
       9
       8
      15
      12
      10
      15
      10
      13
      12
       9
      15
      14
      13
      16
      15
      10
       9
      10
      10
      10
       9
      15
      12
      14
      11
       9
       9
      11
      11
       9
      11
       8
       9
      16
      12
      10
      13
      10
       7
      10
       8
       9
      20
      13
      14
      11
      15
       9
       9
      11
       7
       7
      15
      13
      12
      10
       6
       7
      14
       4
       8
      13
      15
       9
       8
       6
       7
      14
      11
      10
      14
      10
       7
       6
       2
       7
       8
       7
       9
       7
       2
       9
      10
      10
       9
       7
       8
      12
       5
       7
       4
       4
       3
       6
       6
       5
       9
       4
       9
      12
       9
       9
       7
       2
       7
       9
       7
       7
       5
      11
       8
       8
       4
       5
      10
      11
      14
       3
       5
       3
       6
       6
       6
       7
       6
       6
       5
       7
       5
       5
       5
      11
       7
       9
      10
       5
       3
      10
       8
       2
       4
       6
       6
       7
       6
       5
       6
       2
       7
       6
       2
       8
       3
       6
       7
       8
       7
       5
       5
       6
       4
       5
       7
       9
       5
      12
       8
       4
       4
       4
       5
       7
       5
       6
       4
       5
       6
       7
       6
       3
       5
       6
       5
       4
       7
      11
       8
       6
       8
       7
       7
       6
      10
       3
       2
      10
       6
       8
       5
       8
       6
       8
      10
       6
      13
      12
       7
      12
      10
       7
      11
       9
       7
      10
      14
      13
      12
       7
      15
       5
       8
      10
       7
      11
      14
       7
       8
       8
       3
       8
       5
       9
       4
       3
       4
       2
       4
       2
       7
       6
       7
       3
       3
       6
       1
       6
       2
       2
       3
       3
       3
       9
       6
       2
       6
       6
       5
       2
       3
       5
       5
       3
       8
       4
       6
       2
       1
       4
       4
       7
       3
       2
       2
       4
       5
       5
       2
       5
       6
       3
       4
      11
       5
       6
       5
       2
       6
       7
       5
       7
       6
       4
       4
       5
       1
       7
       2
       1
       9
       8
       3
       5
       3
       2
       6
       5
       3
       6
       3
       3
       5
       2
       3
       2
       3
       8
       3
      10
       5
       2
       4
       1
       4
       2
       3
       7
       6
       4
       9
       7
       5
       2
       4
       5
       4
       6
       6
       4
       8
       6
       2
       5
       6
       2
       3
       3
       1
       4
       6
       4
       2
       5
       7
       2
       3
       3
       6
       5
       7
       5
       5
       2
       3
       4
       3
       4
       1
       5
       4
       4
       5
       1
       4
       5
       7
       2
       6
       3
       4
       4
       5
       5
       5
       2
       3
       0
       1
       4
       4
       2
       1
       4
       0
       7
       3
       3
       4
       7
       3
       5
       3
       0
       3
       3
       5
       4
       6
       2
       3
       4
       5
       7
       2
       4
       3
       4
       6
       1
       4
       3
       9
       7
       2
       7
       7
       5
       3
       3
       4
       6
       7
       2
       9
       5
       1
       3
       6
       4
       4
       3
       3
       2
       2
       2
       3
       4
       1
       2
       4
       7
       4
       3
       5
       6
       3
       4
       7
       4
       3
       8
       4
       6
       4
       3
       4
       5
       4
      10
       2
       1
       3
       2
       7
       6
       1
       6
       4
       7
       7
       7
       5
       6
       3
       4
       3
       3
       5
       2
       1
       3
       2
       4
       1
       1
       4
       3
       2
       4
       3
       4
       2
       4
       2
       5
       6
       3
       5
       3
       4
       3
       5
       4
       3
       4
       1
       3
       3
       1
       3
       5
       4
       5
       4
       7
       2
       4
       2
       3
       1
       2
       2
       3
       5
       1
       3
       2
       6
       6
       5
       3
       5
       6
       6
       1
       3
       3
       4
       4
       3
       5
       6
       1
       3
       3
       3
       3
       6
       7
       5
       1
       4
       4
       1
       2
       3
       6
       1
       2
       2
       4
       2
       4
       1
       2
       0
       2
       3
       4
       2
       3
       2
       1
       2
       5
       4
       5
       1
       3
       3
       3
       2
       5
       1
       5
       1
       3
       2
       2
       1
       3
       1
       2
       3
       4
       1
       1
       2
       1
       2
       4
       3
       3
       2
       1
       3
       2
       2
       1
       4
       1
       5
       1
       2
       1
       0
       2
       0
       1
       1
       2
       1
       0
       4
       5
       2
       1
       0
       2
       3
       0
       4
       2
       2
       1
       3
       0
       3
       0
       2
       2
       0
       1
       4
       3
       3
       5
       1
       3
       4
       0
       1
       4
       4
       2
       6
       2
       4
       3
       7
       5
       4
       2
       5
       3
       3
       5
       1
       1
       0
       2
       2
       4
       5
       1
       0
       3
       2
       6
       1
       3
       3
       2
       3
       2
       0
       4
       4
       0
       1
       0
       5
       2
       3
       2
       3
       4
       4
       3
       2
       2
       0
       5
       0
       0
       1
       1
       1
       3
       0
       1
       1
       1
       1
       2
       2
       0
       2
       1
       1
       0
       1
       4
       0
       0
       2
       1
       1
       0
       1
       0
       1
       1
       0
       1
       1
       1
       2
       1
       2
       1
       3
       6
       3
       4
       4
       3
       3
       4
       2
       5
       5
       3
       6
       2
       5
       1
       6
       1
       0
       2
       2
       0
       3
       1
       1
       2
       2
       2
       1
       1
       2
       3
       1
       1
       1
       2
       1
       2
       5
       1
       2
       0
       3
       2
       2
      10
       5
       2
       1
       5
       3
       3
       0
       4
       6
       8
       3
       6
      10
       7
       3
       3
      13
       7
       8
       6
       9
      12
       9
      17
      13
      14
      22
      18
      17
      11
      20
      19
      22
      22
      24
      24
      23
      27
      32
      35
      46
      37
      27
      30
      40
      34
      40
      40
      53
      53
      39
      39
      35
      45
      31
      35
      36
      27
      34
      25
      27
      36
      39
      25
      42
      43
      53
      52
      45
      37
      44
      32
      35
      55
      65
      58
      49
      39
      52
      50
      63
      59
      46
      39
      37
      36
      26
      36
      36
      36
      23
      18
      28
      25
      29
      18
      30
      23
      17
      22
      21
      24
      25
      26
      23
      22
      26
      24
      29
      22
      26
      17
      29
      19
      17
      23
      12
      14
       4
      10
       6
       5
       7
       7
       5
       4
       2
       2
       1
       1
       0
       0
       0
       0
       0
       0
       0
       0
       0
       0
       0
       0
       0
       0
       0
       0
       0
       0
       0
       0
       0
       0
       0
       0
       0
       0
       0
       0
       0
       0
       0
       0
       0
       0
       0
       0
       0
       0
       0
       0
       0
       0
       0
       0
       0
       0
       0
       0
       0
       0
       0
       0
       0
       0
       0
       0
       0
       0
       0
       0
       1
       0
       0
       0
       0
       1
       1
       0
       0
       0
       0
       0
       0
       0
       0
       0
       0
       0
       0
       0
       1
       0
       0
       0
       0
       1
       1
       0
       0
       0
       0
       0
       0
       1
       0
       0
       0
       0
       0
       0
       2
       1
       0
       0
       1
       1
       0
       0
       0
       0
       0
       0
       0
       1
       0
       0
       0
       0
       0
       0
       0
       0
       0
       1
       0
       0
       0
       1
       1
       1
       0
       0
       1
       0
       0
       0
       0
       0
       1
       0
       0
       0
       0
       1
       1
       0
       0
       0
       1
       1
       0
       0
       0
       0
       2
       0
       0
       0
       1
       0
       0
       0
       3
       1
       0
       0
       0
       0
       0
       0
       0
       0
       0
       0
       0
       0
       0
       0
       2
       0
       0
       0
       1
       0
       1
       1
       1
       1
       0
       0
       0
       0
       0
       0
       0
       0
       0
       0
       0
       0
       1
       0
       0
       0
       0
       0
       0
       0
       0
       0
       0
       0
       0
       0
       0
       0
       0
       0
       0
       0
       0
       0
       0
       0
       0
       0
       0
       0
       0
       0
       0
       0
       0
       0
       0
       0
       0
       0
       0
       0
       0
       0
       0
       0
       0
       0
       0
       0
       0
       0
       0
       0
       0
       0
       0
       0
       0
       0
       0
       0
       0
       0
       0
       0
       0
       0
       0
       0
       0
       0
       0
       0
       0
       0
       0
       0
       0
       0
       0
       0
       0
       0
       0
       0
       0
       0
       0
       0
       0
       0
       0
       0
       0
       0
       0
       0
       0
       0
       0
       0
       0
       0
       0
       0
       0
       0
       0
       0
       0
       0
       0
       0
       0
       0
       0
       0
       0
       0
       0
       0
       0
       0
       0
       0
       0
       0
       0
       0
       0
       0
       0
       0
       0
       0
       0
       0
       0
       0
       0
       0
       0
       0
       0
       0
       0
       0
       0
       0
       0
       0
       0
       0
       0
       0
       0
       0
       0
       0
       0
       0
       0
       0
       0
       0
       0
       0
       0
       0
       0
       0
       0
       0
       0
       0
       0
       0
       0
       0
       0
       0
       0
       0
       0
       0
       0
       0
       0
       0
       0
       0
       0
       0
       0
       0
       0
       0
       0
       0
       0
       0
       0
       0
       0
       0
       0
       0
       0
       0
       0
       0
       0
       0
       0
       0
       0
       0
       0
       0
       0
       0
       0
       0
       0
       0
       0
       0
       0
       0
       0
       0
       0
       0
       0
       0
       0
       0
       0
       0
       0
       0
       0
       0
       0
       0
       0
       0
       0
       0
       0
       0
       0
       0
       0
       0
       0
       0
       0
       0
       0
       0
       0
       0
       0
       0
       0
       0
       0
       0
       0
       0
       0
       0
       0
       0
       0
       0
       0
       0
       0
       0
       0
       0
       0
       0
       0
       0
       0
       0
       0
       0
       0
       0
       0
       0
       0
       0
       0
       0
       0
       0
       0
       0
       0
       0
       0
       0
       0
       0
       0
       0
       0
       0
       0
       0
       0
       0
       0
       0
       0
       0
       0
       0
       0
       0
       0
       0
       0
       0
       0
       0
       0
       0
       0
       0
       0
       0
       0
       0
       0
       0
       0
       0
       0
       0
       0
       0
       0
       0
       0
       0
       0
       0
       0
       0
       0
       0
       0
       0
       0
       0
       0
       0
       0
       0
       0
       0
       0
       0
       0
       0
       0
       0
       0
       0
       0
       0
       0
       0
       0
       0
       0
       0
       0
       0
       0
       0
       0
       0
       0
       0
       0
       0
       0
       0
       0
       0
       0
       0
       0
       0
       0
       0
       0
       0
       0
       0
       0
       0
       0
       0
       0
       0
       0
       0
       0
       0
       0
       0
       0
       0
       0
       0
       0
       0
       0
       0
       0
       0
       0
       0
       0
       0
       0
       0
       0
       0
       0
       0
       0
       0
       0
       0
       0
       0
       0
       0
       0
       0
       0
       0
       0
       0
       0
       0
       0
       0
       0
       0
       0
       0
       0
       0
       0
       0
       0
       0
       0
       0
       0
       0
       0
       0
       0
       0
       0
       0
       0
       0
       0
       0
       1
       0
       0
       0
       0
       0
       0
       0
       0
       0
       0
       0
       0
       0
       0
       0
       0
       0
       0
       0
       0
       0
       0
       0
       0
       0
       0
       0
       0
       0
       0
       0
       0
       0
       0
$ROI:
1
1496 1511
$PRESETS:
Live Time
900
0
$ENER_FIT:
0.000000 0.000000
$MCA_CAL:
3
0.000000E+000 0.000000E+000 0.000000E+000 
$SHAPE_CAL:
3
0.000000E+000 0.000000E+000 0.000000E+000
