$SPEC_ID:
No sample description was entered.
$SPEC_REM:
DET# 1
DETDESC# PC6 MCB 339
AP# Maestro Version 7.01
$DATE_MEA:
04/15/2026 15:39:23
$MEAS_TIM:
600 605
$DATA:
0 2047
       0
       0
       0
       0
       0
       0
       0
       0
       0
       0
       0
       0
       0
       0
       0
       0
       0
       0
       0
       1
      24
     296
     722
    1193
    1562
    1700
    1730
    1764
    1821
    1872
    1935
    2040
    2060
    2172
    2278
    2428
    2582
    2790
    2791
    3078
    3051
    2849
    2838
    2479
    2182
    1904
    1605
    1325
    1067
     983
     868
     782
     770
     859
     884
     898
     980
    1067
    1080
    1152
    1223
    1309
    1332
    1489
    1540
    1744
    1846
    2052
    2180
    2465
    2710
    3016
    3346
    3612
    3873
    4133
    4566
    4768
    5119
    5569
    5921
    6266
    6963
    7755
    8313
    9320
   10654
   12058
   13531
   14933
   16269
   17540
   18693
   19762
   19853
   19741
   19249
   18360
   17025
   15317
   13651
   12085
    9830
    7889
    6541
    5016
    3817
    2796
    2133
    1502
    1015
     714
     464
     324
     251
     208
     134
     109
      85
      87
      72
     113
      67
      63
      72
      92
      65
      63
      71
      69
      63
      61
      69
      69
      68
      72
      71
      65
      79
      69
      79
      77
      70
      80
      81
      88
      80
      95
      70
      65
      78
      92
      84
      90
      88
      79
      76
      90
      75
      83
      92
      88
      86
      72
      60
      74
      70
      73
      63
      69
      70
      60
      71
      39
      55
      44
      63
      69
      60
      44
      56
      56
      67
      69
      60
      60
      41
      47
      50
      48
      47
      55
      46
      53
      61
      52
      49
      47
      40
      47
      44
      58
      41
      50
      53
      40
      49
      43
      44
      42
      46
      41
      36
      39
      47
      44
      28
      34
      31
      32
      38
      38
      34
      38
      24
      48
      33
      41
      31
      26
      23
      26
      31
      24
      34
      20
      31
      28
      31
      26
      26
      24
      24
      31
      28
      32
      39
      28
      27
      35
      28
      16
      28
      27
      41
      25
      24
      25
      23
      32
      23
      33
      29
      24
      26
      29
      16
      25
      37
      21
      13
      27
      21
      18
      23
      16
      20
      29
      19
      21
      20
      20
      19
      21
      12
      27
      13
      29
      21
      21
      17
      19
      19
      15
      28
      21
      14
      25
      11
      16
      12
      20
      22
      11
      15
      22
      17
      22
      16
       3
      13
      15
      23
      20
      20
      19
      12
      21
      13
      14
      15
      17
      14
      12
      16
      15
      12
      21
      15
      18
      10
      15
      16
      13
      17
      12
      10
      15
      12
      21
      13
      11
      12
      14
      12
       8
      21
      15
      16
      11
      12
      15
       8
      10
      10
      11
       8
      10
       8
       7
      13
       9
      10
       6
      13
      15
       8
      11
       7
       7
      13
       9
       6
      11
      12
       9
       9
      14
       7
       6
      10
       8
       4
       5
       8
       7
       7
       9
       6
       8
       7
       8
       7
      10
       3
       7
       9
       3
       8
       6
      12
      10
      10
      10
      11
       6
       3
       4
       5
       7
       8
       9
       4
       5
       8
       9
       9
       9
       5
       4
       9
       8
       7
       7
       6
       7
       7
       4
      10
       7
       7
       5
      10
       7
      10
       9
       5
       3
       6
       3
       6
       4
       8
       4
       6
       7
       9
       7
       5
       6
      10
       6
       4
      10
       8
       5
       9
       3
       6
       6
       5
       4
       6
       6
       4
       5
      10
       6
       3
       4
       6
       5
       0
       1
       8
       6
       7
       9
       8
       3
       5
       5
       4
       4
       3
       5
      10
       6
       7
       3
       5
       4
       5
       4
       3
       6
       3
       5
       5
       8
       1
       2
       8
       7
       5
       0
       5
       4
       6
       6
       2
       2
       4
       3
       4
       2
       8
       4
       7
       5
       2
       6
       4
       5
       3
       2
       2
       3
       4
       6
       4
       5
       0
       6
       5
       3
       3
       6
       0
       4
       5
       3
       4
       2
       5
       6
       4
       5
       3
       5
       5
       6
       7
       5
       2
       2
       6
       5
       1
       2
       6
       3
       1
       7
       4
       4
       5
       6
       2
       6
       3
       1
       3
       5
       4
       6
       8
       6
       3
       0
       5
       4
       3
       1
       4
       0
       5
       3
       4
       5
       1
       5
       3
       0
       2
       3
       3
       2
       5
       3
       5
       0
       4
       3
       4
       3
       2
       1
       4
       8
       6
       3
       3
       1
       3
       3
       4
       5
       1
       8
       3
       5
       6
       2
       5
       4
       6
       1
       6
       5
       1
       4
       2
       3
       2
       5
       1
       3
       1
       2
       4
       3
       1
       2
       3
       3
       3
       3
       3
       3
       2
       4
       1
       2
       1
       3
       3
       1
       3
       4
       4
       6
       1
       2
       4
       1
       3
       4
       3
       1
       6
       2
       4
       0
       4
       1
       7
       2
       1
       2
       5
       3
       3
       3
       1
       1
       5
       1
       4
       4
       1
       1
       5
       6
       5
       3
       3
       2
       6
       5
       4
       3
       1
       4
       0
       2
       0
       1
       3
       2
       2
       3
       0
       2
       1
       5
       2
       4
       2
       3
       3
       2
       4
       1
       2
       3
       3
       4
       3
       2
       3
       2
       3
       5
       3
       0
       3
       3
       1
       1
       4
       3
       0
       2
       2
       2
       5
       3
       2
       3
       3
       2
       2
       1
       3
       3
       1
       1
       4
       5
       2
       6
       2
       2
       3
       1
       5
       1
       3
       3
       1
       1
       3
       1
       1
       2
       4
       2
       6
       3
       3
       1
       0
       2
       3
       2
       3
       1
       5
       2
       2
       1
       1
       3
       4
       3
       1
       2
       0
       3
       3
       2
       2
       0
       2
       3
       3
       2
       3
       2
       2
       3
       0
       4
       1
       1
       0
       2
       1
       3
       3
       3
       2
       2
       3
       1
       2
       3
       2
       2
       1
       2
       2
       1
       3
       4
       1
       1
       0
       0
       2
       1
       3
       1
       2
       1
       0
       0
       3
       1
       0
       0
       4
       1
       2
       3
       4
       1
       2
       2
       1
       3
       3
       0
       0
       3
       3
       4
       2
       1
       3
       1
       2
       3
       1
       2
       4
       0
       0
       3
       2
       2
       2
       2
       2
       0
       2
       2
       3
       2
       3
       2
       1
       1
       1
       4
       1
       1
       0
       4
       2
       6
       2
       1
       1
       4
       2
       2
       1
       1
       2
       2
       1
       2
       1
       2
       3
       1
       3
       1
       1
       1
       2
       2
       0
       3
       2
       2
       1
       1
       2
       1
       2
       3
       1
       4
       1
       3
       3
       4
       4
       4
       2
       0
       0
       0
       2
       2
       1
       7
       0
       1
       2
       1
       2
       2
       1
       1
       2
       2
       3
       2
       1
       0
       5
       1
       2
       1
       1
       5
       0
       2
       1
       0
       1
       0
       2
       1
       1
       1
       1
       2
       0
       1
       2
       0
       3
       3
       1
       2
       3
       2
       2
       0
       0
       1
       1
       3
       0
       2
       1
       0
       4
       0
       1
       0
       0
       3
       0
       2
       2
       2
       2
       1
       0
       1
       2
       0
       5
       0
       0
       2
       4
       0
       1
       1
       1
       1
       0
       1
       1
       0
       2
       2
       1
       2
       1
       2
       0
       1
       2
       1
       2
       0
       1
       1
       2
       0
       1
       0
       1
       1
       1
       0
       0
       1
       2
       2
       4
       1
       4
       3
       2
       4
       3
       5
       0
       2
       1
       4
       1
       3
       2
       3
       2
       3
       1
       3
       0
       2
       0
       1
       1
       2
       3
       4
       1
       1
       2
       4
       7
       0
       2
       5
       4
       3
       1
       6
       1
       0
       2
       0
       0
       3
       1
       1
       2
       1
       2
       2
       2
       0
       0
       0
       0
       1
       1
       3
       0
       0
       0
       0
       1
       0
       1
       0
       0
       0
       1
       2
       0
       1
       2
       1
       0
       1
       0
       0
       1
       0
       0
       1
       1
       0
       1
       0
       1
       0
       1
       0
       0
       1
       3
       1
       0
       0
       1
       5
       1
       1
       1
       1
       1
       1
       5
       3
       4
       3
       1
       1
       2
       3
       3
       2
       1
       0
       0
       1
       0
       2
       0
       0
       0
       0
       1
       2
       0
       1
       0
       0
       1
       1
       0
       1
       3
       0
       0
       2
       1
       1
       1
       0
       0
       0
       0
       0
       2
       1
       1
       3
       7
       0
       1
       3
       1
       3
       4
       5
       6
       4
       4
       5
       5
       6
       8
       8
       6
       8
       9
       7
      18
      11
       9
       9
       9
       9
      17
      16
      14
      17
      15
       5
      25
      19
      18
      25
      23
      26
      26
      28
      25
      26
      33
      39
      37
      31
      31
      29
      23
      36
      25
      27
      25
      18
      22
      22
      22
      25
      25
      25
      18
      30
      32
      24
      31
      36
      28
      36
      35
      32
      41
      35
      27
      29
      25
      37
      30
      25
      22
      22
      19
      30
      19
      20
      20
      10
      12
      15
      14
      22
      12
      16
      13
      16
      11
      16
      13
      15
      17
      15
      19
      12
      17
      21
      14
      12
      16
      14
       9
       9
      14
       7
       5
       8
       1
       3
       3
       4
       4
       1
       3
       0
       0
       0
       0
       0
       0
       0
       0
       0
       0
       0
       0
       0
       0
       0
       0
       0
       0
       0
       0
       0
       0
       1
       0
       0
       0
       2
       0
       0
       0
       0
       0
       0
       0
       0
       0
       0
       0
       0
       0
       0
       0
       0
       0
       0
       0
       0
       0
       0
       0
       0
       0
       0
       0
       0
       0
       0
       1
       0
       0
       0
       0
       0
       0
       0
       0
       0
       0
       0
       0
       0
       0
       0
       1
       0
       1
       0
       0
       0
       0
       1
       0
       0
       0
       0
       0
       0
       0
       0
       0
       0
       0
       0
       0
       0
       0
       0
       0
       0
       0
       0
       0
       0
       0
       0
       0
       0
       1
       0
       0
       0
       0
       0
       0
       0
       0
       0
       0
       0
       0
       0
       0
       0
       0
       0
       1
       0
       2
       0
       0
       0
       0
       0
       1
       0
       0
       0
       0
       0
       0
       0
       0
       0
       0
       1
       1
       1
       1
       1
       0
       0
       1
       0
       0
       0
       0
       0
       0
       0
       1
       1
       0
       1
       0
       1
       0
       1
       0
       0
       0
       0
       0
       0
       0
       0
       0
       2
       0
       0
       0
       0
       0
       0
       0
       0
       0
       0
       0
       0
       0
       1
       0
       0
       0
       0
       0
       0
       0
       0
       0
       0
       0
       0
       0
       0
       0
       0
       0
       0
       0
       0
       0
       0
       0
       0
       0
       0
       0
       0
       0
       0
       0
       0
       0
       0
       0
       0
       0
       0
       0
       0
       0
       0
       0
       0
       0
       0
       0
       0
       0
       0
       0
       0
       0
       0
       0
       0
       0
       0
       0
       0
       0
       0
       0
       0
       0
       0
       0
       0
       0
       0
       0
       0
       0
       0
       0
       0
       0
       0
       0
       0
       0
       0
       0
       0
       0
       0
       0
       0
       0
       0
       0
       0
       0
       0
       0
       0
       0
       0
       0
       0
       0
       0
       0
       0
       0
       0
       0
       0
       0
       0
       0
       0
       0
       0
       0
       0
       0
       0
       0
       0
       0
       0
       0
       0
       0
       0
       0
       0
       0
       0
       0
       0
       0
       0
       0
       0
       0
       0
       0
       0
       0
       0
       0
       0
       0
       0
       0
       0
       0
       0
       0
       0
       0
       0
       0
       0
       0
       0
       0
       0
       0
       0
       0
       0
       0
       0
       0
       0
       0
       0
       0
       0
       0
       0
       0
       0
       0
       0
       0
       0
       0
       0
       0
       0
       0
       0
       0
       0
       0
       0
       0
       0
       0
       0
       0
       0
       0
       0
       0
       0
       0
       0
       0
       0
       0
       0
       0
       0
       0
       0
       0
       0
       0
       0
       0
       0
       0
       0
       0
       0
       0
       0
       0
       0
       0
       0
       0
       0
       0
       0
       0
       0
       0
       0
       0
       0
       0
       0
       0
       0
       0
       0
       0
       0
       0
       0
       0
       0
       0
       0
       0
       0
       0
       0
       0
       0
       0
       0
       0
       0
       0
       0
       0
       0
       0
       0
       0
       0
       0
       0
       0
       0
       0
       0
       0
       0
       0
       0
       0
       0
       0
       0
       0
       0
       0
       0
       0
       0
       0
       0
       0
       0
       0
       0
       0
       0
       0
       0
       0
       0
       0
       0
       0
       0
       0
       0
       0
       0
       0
       0
       0
       0
       0
       0
       0
       0
       0
       0
       0
       0
       0
       0
       0
       0
       0
       0
       0
       0
       0
       0
       0
       0
       0
       0
       0
       0
       0
       0
       0
       0
       0
       0
       0
       0
       0
       0
       0
       0
       0
       0
       0
       0
       0
       0
       0
       0
       0
       0
       0
       0
       0
       0
       0
       0
       0
       0
       0
       0
       0
       0
       0
       0
       0
       0
       0
       0
       0
       0
       0
       0
       0
       0
       0
       0
       0
       0
       0
       0
       0
       0
       0
       0
       0
       0
       0
       0
       0
       0
       0
       0
       0
       0
       0
       0
       0
       0
       0
       0
       0
       0
       0
       0
       0
       0
       0
       0
       0
       0
       0
       0
       0
       0
       0
       0
       0
       0
       0
       0
       0
       0
       0
       0
       0
       0
       0
       0
       0
       0
       0
       0
       0
       0
       0
       0
       0
       0
       0
       0
       0
       0
       0
       0
       0
       0
       0
       0
       0
       0
       0
       0
       0
       0
       0
       0
       0
       0
       0
       0
       0
       0
       0
       0
       0
       0
       0
       0
       0
       0
       0
       0
       0
       0
       0
       0
       0
       0
       0
       1
       0
       0
       0
       0
       0
       0
       0
       0
       0
       0
       0
       0
       0
       1
       0
       0
       0
       0
       0
       0
       0
       0
       0
       0
       0
       0
       0
       0
       0
       0
       0
       0
       0
       0
       0
       0
       0
       0
$ROI:
1
1496 1511
$PRESETS:
Live Time
600
0
$ENER_FIT:
0.000000 0.000000
$MCA_CAL:
3
0.000000E+000 0.000000E+000 0.000000E+000 
$SHAPE_CAL:
3
0.000000E+000 0.000000E+000 0.000000E+000
