$SPEC_ID:
No sample description was entered.
$SPEC_REM:
DET# 1
DETDESC# PC6 MCB 339
AP# Maestro Version 7.01
$DATE_MEA:
04/15/2026 15:14:33
$MEAS_TIM:
600 602
$DATA:
0 2047
       0
       0
       0
       0
       0
       0
       0
       0
       0
       0
       0
       0
       0
       0
       0
       0
       0
       0
       0
       0
       1
      96
     235
     375
     482
     466
     484
     548
     579
     586
     633
     673
     731
     775
     804
     852
     934
    1108
    1339
    1728
    2136
    2778
    3318
    4220
    5085
    5889
    6870
    7627
    8137
    8537
    8226
    8026
    7719
    6895
    6262
    5334
    4617
    3986
    3422
    2759
    2319
    1791
    1476
    1207
     904
     749
     610
     468
     411
     357
     330
     335
     335
     338
     354
     312
     341
     349
     429
     410
     435
     434
     437
     465
     458
     502
     455
     466
     493
     516
     463
     457
     468
     437
     457
     475
     464
     455
     455
     475
     489
     526
     549
     524
     595
     567
     619
     537
     578
     621
     615
     661
     680
     792
     790
     869
     898
    1044
    1138
    1379
    1482
    1602
    1769
    1934
    2159
    2339
    2430
    2464
    2564
    2676
    2646
    2535
    2421
    2321
    2112
    1909
    1666
    1498
    1331
    1048
     924
     733
     609
     545
     415
     361
     340
     253
     256
     255
     202
     210
     211
     187
     181
     177
     190
     180
     153
     182
     205
     178
     171
     187
     181
     244
     204
     204
     183
     193
     197
     216
     211
     178
     187
     217
     195
     174
     180
     192
     205
     197
     198
     197
     202
     172
     193
     201
     195
     192
     184
     199
     180
     185
     199
     192
     170
     165
     172
     175
     167
     194
     172
     184
     194
     182
     190
     213
     189
     179
     197
     225
     218
     188
     236
     192
     188
     195
     201
     224
     220
     219
     224
     228
     231
     230
     221
     228
     237
     252
     224
     231
     227
     236
     225
     257
     265
     252
     234
     249
     228
     244
     241
     231
     211
     213
     227
     263
     209
     220
     205
     224
     210
     221
     199
     213
     218
     211
     173
     194
     202
     164
     184
     176
     172
     170
     169
     204
     194
     167
     169
     208
     180
     189
     170
     179
     184
     162
     178
     196
     178
     167
     160
     153
     149
     167
     155
     181
     176
     176
     150
     155
     150
     164
     150
     148
     148
     163
     143
     151
     147
     142
     129
     138
     159
     130
     120
     125
     155
     149
     156
     102
      97
     126
     118
     113
     119
     111
     100
      94
     115
     110
     110
     110
      94
     126
      99
      93
      99
     100
      89
      87
      95
     102
      88
     101
      93
      69
      71
      78
      80
      73
      66
      83
      59
      81
      71
      70
      87
      64
      69
      73
      64
      57
      47
      63
      70
      72
      50
      63
      54
      59
      65
      83
      53
      74
      64
      76
      77
      96
     108
      90
      91
     123
     126
     110
     137
     137
     137
     141
     144
     152
     166
     164
     180
     144
     178
     160
     158
     175
     163
     169
     149
     166
     160
     167
     144
     147
     166
     169
     186
     189
     183
     194
     201
     187
     222
     256
     204
     272
     237
     234
     248
     268
     287
     267
     284
     297
     286
     258
     231
     271
     253
     199
     205
     191
     173
     135
     158
     160
     127
      96
     109
      79
      83
      88
      64
      69
      67
      65
      72
      67
      69
      58
      53
      88
      95
      92
     114
     116
     115
     129
     157
     162
     193
     211
     263
     280
     272
     293
     325
     359
     427
     433
     491
     496
     532
     555
     532
     596
     596
     619
     655
     633
     580
     600
     610
     559
     544
     527
     498
     451
     432
     384
     344
     347
     317
     250
     252
     214
     219
     202
     181
     174
     138
     121
     130
     112
     125
     125
     103
     104
      88
     106
      99
     107
      88
      79
      80
      72
      73
      63
      54
      53
      66
      43
      44
      35
      32
      24
      17
      24
      19
      16
      12
       8
      14
      11
       4
      12
      10
      10
       9
       5
       6
      12
      11
       4
       6
       9
       7
       6
      10
      12
      10
       7
       6
      10
       7
      14
      18
       9
      10
      22
       9
       5
       8
       8
       6
       3
       8
       5
       6
       9
       6
       6
      13
       5
       8
       5
       6
       5
       6
       5
       5
       0
       6
       6
       7
       8
       2
       4
       8
       4
       2
       2
       4
       2
       5
       3
       4
       3
       5
       5
       5
       3
       2
       3
       5
       4
       1
       2
       4
       3
       3
       1
       6
       1
       4
       4
       1
       2
       3
       2
       2
       3
       2
       4
       2
       1
       2
       0
       5
       4
       5
       4
       2
       3
       7
       3
       4
       4
       4
       2
       3
       1
       1
       3
       2
       2
       2
       3
       5
       4
       5
       5
       3
       4
       4
       4
       3
       1
       4
       3
       2
       3
       6
       4
       4
       3
       3
       3
       1
       3
       4
       2
       2
       6
       1
       3
       2
       1
       2
       3
       4
       6
       4
       2
       2
       6
       2
       3
       4
       2
       1
       1
       2
       0
       5
       1
       1
       4
       2
       5
       1
       3
       4
       4
       3
       3
       5
       4
       4
       3
       3
       5
       2
       4
       3
       2
       3
       6
       1
       0
       4
       2
       3
       3
       2
       2
       0
       3
       6
       4
       3
       1
       3
       6
       4
       5
       3
       3
       3
       1
       2
       5
       9
       2
       3
       4
       2
       3
       6
       6
       6
       2
       2
       2
       3
       3
       3
       2
       6
       5
       2
       3
       4
       3
       0
       3
       1
       1
       3
       3
       3
       0
       2
       4
       2
       2
       1
       2
       2
       1
       2
       2
       6
       2
       2
       2
       4
       1
       1
       3
       1
       3
       0
       5
       2
       1
       3
       2
       1
       2
       2
       3
       2
       5
       1
       4
       2
       1
       2
       6
       2
       6
       0
       4
       1
       2
       3
       2
       4
       2
       0
       0
       7
       1
       1
       3
       1
       3
       3
       1
       5
       2
       2
       4
       3
       2
       5
       1
       2
       3
       2
       1
       2
       3
       2
       2
       1
       2
       3
       2
       2
       3
       1
       0
       0
       1
       3
       3
       0
       0
       3
       2
       2
       2
       3
       0
       5
       0
       0
       3
       5
       3
       2
       1
       3
       1
       2
       1
       2
       2
       3
       3
       1
       5
       1
       3
       2
       1
       3
       4
       1
       2
       3
       2
       0
       1
       2
       1
       3
       3
       4
       1
       0
       3
       1
       3
       2
       2
       4
       3
       2
       2
       1
       5
       1
       2
       1
       2
       2
       4
       0
       1
       0
       3
       0
       1
       1
       1
       2
       4
       0
       2
       0
       2
       4
       3
       2
       2
       1
       1
       3
       3
       2
       5
       0
       3
       3
       0
       6
       7
       1
       4
       0
       2
       3
       1
       0
       3
       2
       1
       3
       2
       0
       2
       3
       3
       0
       4
       2
       1
       4
       1
       2
       1
       1
       1
       3
       2
       2
       2
       3
       1
       2
       1
       1
       1
       1
       2
       1
       1
       2
       4
       1
       3
       1
       2
       2
       0
       0
       2
       0
       1
       1
       3
       3
       2
       2
       0
       0
       1
       1
       1
       0
       2
       2
       1
       0
       0
       1
       0
       3
       2
       1
       1
       0
       1
       2
       1
       2
       2
       4
       1
       2
       3
       1
       1
       3
       1
       0
       0
       0
       1
       1
       3
       2
       1
       1
       2
       0
       1
       3
       1
       3
       1
       1
       2
       3
       1
       0
       3
       1
       1
       0
       3
       2
       2
       1
       2
       1
       2
       8
       5
       3
       4
       1
       2
       1
       3
       2
       2
       1
       2
       1
       1
       1
       2
       1
       5
       1
       2
       2
       1
       3
       2
       2
       0
       1
       0
       1
       1
       1
       2
       3
       2
       2
       3
       2
       2
       1
       0
       1
       1
       0
       0
       4
       1
       1
       0
       0
       0
       2
       2
       1
       0
       2
       1
       1
       0
       0
       1
       0
       0
       1
       0
       1
       1
       0
       2
       0
       1
       0
       2
       1
       0
       0
       0
       0
       0
       2
       1
       1
       0
       0
       0
       0
       1
       0
       1
       4
       1
       2
       2
       1
       5
       1
       0
       4
       1
       3
       0
       1
       3
       2
       4
       1
       3
       2
       5
       2
       3
       1
       0
       1
       1
       3
       1
       2
       0
       2
       0
       1
       1
       0
       2
       0
       0
       0
       0
       0
       1
       2
       2
       3
       1
       0
       1
       2
       2
       1
       0
       0
       4
       2
       0
       2
       0
       0
       5
       2
       1
       4
       5
       1
       1
       5
       5
       2
       3
       2
       3
       3
       8
       6
      10
      13
       6
      12
      12
      10
      14
      10
      14
      12
      11
      16
      12
      18
      19
      21
      22
      30
      20
      23
      28
      30
      24
      26
      23
      23
      20
      26
      21
      34
      43
      27
      25
      20
      22
      25
      32
      26
      18
      18
      27
      24
      21
      29
      25
      24
      32
      32
      29
      36
      24
      35
      24
      38
      24
      31
      30
      24
      37
      27
      20
      21
      24
      20
      29
      23
      20
      20
      13
      17
      17
      16
      15
      12
      19
      15
      18
      18
      13
      14
      15
      14
      18
      12
      23
      22
      19
      12
      23
      20
       9
       3
      12
      12
      10
       8
       4
       6
       2
       4
       3
       1
       3
       3
       1
       1
       0
       0
       0
       0
       0
       0
       0
       0
       1
       0
       0
       0
       0
       0
       0
       0
       0
       0
       0
       0
       0
       0
       0
       0
       0
       0
       0
       0
       0
       0
       0
       0
       0
       0
       0
       0
       0
       0
       0
       0
       0
       0
       0
       0
       0
       0
       0
       0
       0
       0
       0
       0
       0
       0
       0
       0
       0
       0
       0
       0
       0
       1
       0
       0
       0
       0
       0
       0
       0
       0
       0
       0
       1
       0
       0
       0
       0
       0
       0
       0
       0
       0
       0
       0
       0
       0
       1
       0
       1
       0
       0
       0
       0
       0
       1
       0
       0
       0
       1
       0
       1
       1
       0
       1
       0
       0
       0
       0
       0
       0
       0
       0
       0
       0
       0
       0
       1
       2
       0
       0
       0
       0
       0
       0
       0
       0
       0
       0
       0
       0
       0
       0
       0
       1
       0
       0
       0
       0
       0
       0
       0
       0
       0
       0
       0
       0
       0
       0
       0
       0
       0
       0
       0
       2
       1
       0
       0
       2
       1
       0
       2
       0
       1
       0
       0
       1
       0
       0
       0
       0
       1
       0
       1
       0
       1
       0
       0
       2
       0
       0
       0
       0
       0
       1
       0
       0
       0
       0
       0
       0
       0
       0
       0
       0
       0
       0
       0
       0
       0
       0
       0
       0
       0
       0
       0
       0
       0
       0
       0
       1
       0
       0
       0
       0
       0
       0
       0
       0
       0
       0
       0
       0
       0
       0
       0
       0
       0
       0
       0
       0
       0
       0
       0
       0
       0
       0
       0
       0
       0
       0
       0
       0
       0
       0
       0
       0
       0
       0
       0
       0
       0
       0
       0
       0
       0
       0
       0
       0
       0
       0
       0
       0
       0
       0
       0
       0
       0
       0
       0
       0
       0
       0
       0
       0
       0
       0
       0
       0
       0
       0
       0
       0
       0
       0
       0
       0
       0
       0
       0
       0
       0
       0
       0
       0
       0
       0
       0
       0
       0
       0
       0
       0
       0
       0
       0
       0
       0
       0
       0
       0
       0
       0
       0
       0
       0
       0
       0
       0
       0
       0
       0
       0
       0
       0
       0
       0
       0
       0
       0
       0
       0
       0
       0
       0
       0
       0
       0
       0
       0
       0
       0
       0
       0
       0
       0
       0
       0
       0
       0
       0
       0
       0
       0
       0
       0
       0
       0
       0
       0
       0
       0
       0
       0
       0
       0
       0
       0
       0
       0
       0
       0
       0
       0
       0
       0
       0
       0
       0
       0
       0
       0
       0
       0
       0
       0
       0
       0
       0
       0
       0
       0
       0
       0
       0
       0
       0
       0
       0
       0
       0
       0
       0
       0
       0
       0
       0
       0
       0
       0
       0
       0
       0
       0
       0
       0
       0
       0
       0
       0
       0
       0
       0
       0
       0
       0
       0
       0
       0
       0
       0
       0
       0
       0
       0
       0
       0
       0
       0
       0
       0
       0
       0
       0
       0
       0
       0
       0
       0
       0
       0
       0
       0
       0
       0
       0
       0
       0
       0
       0
       0
       0
       0
       0
       0
       0
       0
       0
       0
       0
       0
       0
       0
       0
       0
       0
       0
       0
       0
       0
       0
       0
       0
       0
       0
       0
       0
       0
       0
       0
       0
       0
       0
       0
       0
       0
       0
       0
       0
       0
       0
       0
       0
       0
       0
       0
       0
       0
       0
       0
       0
       0
       0
       0
       0
       0
       0
       0
       0
       0
       0
       0
       0
       0
       0
       0
       0
       0
       0
       0
       0
       0
       0
       0
       0
       0
       0
       0
       0
       0
       0
       0
       0
       0
       0
       0
       0
       0
       0
       0
       0
       0
       0
       0
       0
       0
       0
       0
       0
       0
       0
       0
       0
       0
       0
       0
       0
       0
       0
       0
       0
       0
       0
       0
       0
       0
       0
       0
       0
       0
       0
       0
       0
       0
       0
       0
       0
       0
       0
       0
       0
       0
       0
       0
       0
       0
       0
       0
       0
       0
       0
       0
       0
       0
       0
       0
       0
       0
       0
       0
       0
       0
       0
       0
       0
       0
       0
       0
       0
       0
       0
       0
       0
       0
       0
       0
       0
       0
       0
       0
       0
       0
       0
       0
       0
       0
       0
       0
       0
       0
       0
       0
       0
       0
       0
       0
       0
       0
       0
       0
       0
       0
       0
       0
       0
       0
       0
       0
       0
       0
       0
       0
       0
       0
       0
       0
       0
       0
       0
       0
       0
       0
       0
       0
       0
       0
       0
       0
       0
       0
       0
       0
       0
       0
       0
       0
       0
       0
       0
       0
       0
       0
       0
       0
       0
       0
       1
       0
       0
       0
       0
       0
       0
       0
       0
       0
       0
       0
       0
       0
       0
       0
       0
       0
       0
       0
$ROI:
1
1496 1511
$PRESETS:
Live Time
600
0
$ENER_FIT:
0.000000 0.000000
$MCA_CAL:
3
0.000000E+000 0.000000E+000 0.000000E+000 
$SHAPE_CAL:
3
0.000000E+000 0.000000E+000 0.000000E+000
