$SPEC_ID:
No sample description was entered.
$SPEC_REM:
DET# 1
DETDESC# PC6 MCB 339
AP# Maestro Version 7.01
$DATE_MEA:
04/15/2026 14:52:58
$MEAS_TIM:
600 619
$DATA:
0 2047
       0
       0
       0
       0
       1
       0
       0
       0
       0
       0
       0
       0
       0
       0
       1
       0
       0
       0
       0
       1
      43
     534
    1254
    1730
    2110
    2237
    2222
    2334
    2269
    2263
    2284
    2315
    2323
    2181
    2383
    2343
    2366
    2257
    2272
    2264
    2259
    2246
    2421
    2243
    2359
    2265
    2379
    2200
    2323
    2309
    2327
    2305
    2332
    2369
    2365
    2361
    2381
    2407
    2443
    2356
    2383
    2391
    2357
    2344
    2407
    2295
    2353
    2357
    2367
    2295
    2314
    2303
    2313
    2294
    2288
    2270
    2276
    2391
    2307
    2223
    2190
    2284
    2330
    2273
    2307
    2286
    2294
    2313
    2259
    2249
    2253
    2299
    2311
    2304
    2290
    2243
    2288
    2363
    2378
    2333
    2295
    2352
    2185
    2257
    2293
    2262
    2266
    2301
    2342
    2332
    2384
    2302
    2370
    2234
    2322
    2226
    2353
    2337
    2308
    2229
    2328
    2323
    2228
    2261
    2343
    2300
    2280
    2283
    2346
    2317
    2230
    2167
    2195
    2307
    2228
    2248
    2323
    2317
    2282
    2276
    2242
    2420
    2339
    2240
    2317
    2279
    2354
    2262
    2397
    2226
    2249
    2342
    2375
    2260
    2357
    2387
    2339
    2377
    2383
    2299
    2447
    2427
    2445
    2328
    2394
    2353
    2377
    2428
    2393
    2405
    2489
    2424
    2430
    2329
    2527
    2428
    2464
    2477
    2426
    2447
    2435
    2447
    2546
    2494
    2542
    2459
    2533
    2466
    2594
    2449
    2504
    2497
    2463
    2578
    2521
    2575
    2450
    2577
    2454
    2535
    2537
    2485
    2446
    2510
    2495
    2558
    2469
    2483
    2418
    2528
    2508
    2505
    2564
    2491
    2492
    2635
    2518
    2436
    2585
    2494
    2577
    2586
    2627
    2630
    2599
    2569
    2610
    2601
    2561
    2735
    2660
    2743
    2632
    2731
    2684
    2775
    2770
    2814
    2852
    2818
    2937
    2978
    2990
    2969
    2994
    3042
    3103
    3113
    3159
    3209
    3208
    3226
    3161
    3288
    3301
    3390
    3392
    3416
    3331
    3413
    3335
    3394
    3397
    3300
    3302
    3354
    3303
    3336
    3255
    3293
    3277
    3273
    3235
    3190
    3158
    3190
    3191
    3198
    3091
    3172
    3246
    3137
    3092
    3070
    3079
    3159
    3057
    3049
    3040
    3119
    3128
    2985
    2957
    3049
    2977
    3002
    2911
    2947
    2947
    2894
    3068
    3011
    3092
    3038
    2912
    2970
    3021
    2996
    2943
    2934
    3052
    2948
    2964
    2968
    2903
    3043
    2920
    2869
    3002
    3006
    2948
    2866
    2887
    2875
    2844
    2942
    2963
    3005
    2890
    2855
    2875
    2808
    2757
    2750
    2934
    2831
    2878
    2750
    2848
    2836
    2768
    2805
    2940
    2833
    2756
    2843
    2649
    2790
    2831
    2774
    2740
    2860
    2732
    2772
    2819
    2766
    2755
    2734
    2816
    2902
    2760
    2749
    2785
    2728
    2719
    2775
    2755
    2772
    2641
    2744
    2853
    2750
    2697
    2864
    2714
    2788
    2782
    2820
    2811
    2754
    2791
    2663
    2751
    2750
    2751
    2837
    2702
    2835
    2841
    2709
    2759
    2852
    2777
    2866
    2806
    2761
    2737
    2757
    2807
    2815
    2868
    2846
    2866
    2887
    2905
    2913
    2858
    2836
    2835
    2935
    2906
    2896
    2874
    2858
    2836
    2847
    2851
    2778
    2889
    2885
    2834
    2830
    2817
    2807
    2849
    2718
    2891
    2776
    2756
    2894
    2766
    2718
    2660
    2577
    2703
    2705
    2745
    2664
    2697
    2577
    2556
    2445
    2550
    2519
    2503
    2425
    2528
    2366
    2242
    2258
    2217
    2209
    2127
    2075
    2061
    2016
    1938
    1864
    1765
    1807
    1759
    1742
    1661
    1602
    1569
    1535
    1504
    1433
    1464
    1395
    1381
    1277
    1271
    1283
    1239
    1211
    1183
    1152
    1149
    1082
    1157
    1059
    1081
    1048
    1023
    1037
    1014
    1002
     949
     909
     927
     928
     931
    1000
     893
     965
     882
     896
     930
     877
     904
     870
     854
     818
     876
     833
     823
     832
     852
     804
     819
     796
     756
     807
     823
     756
     744
     822
     733
     741
     763
     775
     742
     778
     750
     685
     778
     718
     763
     753
     768
     765
     713
     716
     776
     757
     804
     716
     787
     768
     828
     807
     790
     824
     842
     822
     840
     859
     792
     824
     908
     864
     855
     908
     903
    1006
    1038
    1069
     990
    1077
    1098
    1093
    1148
    1190
    1247
    1245
    1309
    1389
    1393
    1489
    1506
    1603
    1608
    1677
    1766
    1827
    1929
    2003
    2001
    2115
    2229
    2360
    2437
    2586
    2661
    2749
    2901
    3096
    3168
    3287
    3445
    3668
    3604
    3989
    4021
    4186
    4403
    4593
    4735
    4897
    5178
    5280
    5625
    5717
    5880
    6050
    6217
    6370
    6583
    6799
    7009
    6996
    7095
    7351
    7417
    7211
    7321
    7251
    7422
    7351
    7196
    7181
    6980
    6850
    6803
    6575
    6371
    6060
    5809
    5558
    5385
    5080
    4659
    4591
    4279
    3941
    3805
    3572
    3221
    3044
    2803
    2522
    2339
    2171
    2059
    1902
    1656
    1569
    1451
    1378
    1258
    1052
    1023
     973
     872
     882
     811
     735
     704
     655
     647
     581
     550
     550
     521
     518
     540
     510
     542
     490
     507
     473
     517
     462
     433
     440
     473
     504
     481
     469
     493
     465
     481
     452
     473
     447
     476
     446
     492
     440
     438
     465
     500
     453
     435
     468
     457
     443
     478
     496
     435
     445
     464
     455
     498
     468
     463
     456
     502
     448
     467
     424
     461
     456
     467
     447
     443
     469
     451
     477
     456
     496
     478
     475
     469
     439
     439
     457
     444
     480
     476
     447
     457
     451
     474
     459
     434
     462
     452
     466
     541
     479
     448
     448
     487
     484
     466
     465
     484
     449
     487
     464
     505
     504
     443
     451
     462
     488
     487
     470
     470
     454
     471
     506
     483
     486
     506
     508
     465
     458
     488
     452
     502
     520
     504
     523
     442
     496
     477
     519
     463
     495
     493
     500
     508
     479
     513
     489
     483
     526
     519
     515
     535
     460
     470
     457
     497
     472
     486
     482
     517
     510
     501
     486
     497
     472
     523
     474
     507
     502
     519
     497
     552
     555
     539
     486
     532
     502
     535
     581
     558
     508
     535
     519
     513
     572
     555
     541
     585
     542
     558
     485
     568
     523
     518
     545
     536
     568
     552
     546
     527
     535
     535
     520
     581
     626
     560
     570
     534
     570
     563
     587
     583
     567
     599
     568
     550
     574
     595
     568
     531
     583
     525
     579
     560
     598
     598
     561
     567
     558
     612
     580
     583
     594
     616
     591
     622
     585
     566
     611
     585
     606
     613
     658
     640
     624
     654
     601
     651
     643
     645
     647
     608
     664
     671
     648
     595
     652
     647
     638
     631
     667
     661
     675
     623
     668
     698
     694
     665
     634
     706
     686
     680
     683
     745
     695
     703
     737
     676
     671
     755
     723
     689
     749
     672
     684
     733
     722
     714
     719
     769
     730
     740
     749
     748
     765
     718
     759
     732
     778
     780
     777
     787
     790
     753
     761
     768
     757
     802
     795
     813
     817
     831
     780
     830
     824
     830
     845
     840
     807
     791
     803
     819
     863
     742
     797
     788
     825
     820
     828
     870
     821
     828
     814
     846
     797
     814
     754
     769
     826
     802
     846
     839
     862
     813
     811
     810
     721
     833
     784
     787
     850
     758
     820
     746
     756
     751
     769
     767
     685
     750
     707
     760
     678
     727
     689
     638
     638
     649
     617
     657
     587
     617
     599
     559
     602
     565
     497
     520
     496
     490
     515
     474
     428
     432
     401
     418
     406
     422
     387
     361
     356
     334
     349
     329
     321
     285
     319
     297
     290
     288
     263
     250
     242
     241
     256
     258
     226
     245
     257
     234
     260
     244
     268
     243
     254
     243
     223
     275
     236
     261
     277
     282
     286
     334
     281
     255
     310
     281
     312
     322
     330
     321
     351
     343
     350
     361
     352
     405
     399
     404
     432
     462
     460
     485
     559
     551
     616
     577
     654
     651
     720
     683
     797
     789
     803
     862
     893
     962
     915
     993
    1022
    1013
    1054
    1032
    1078
    1140
    1140
    1138
    1143
    1176
    1126
    1149
    1041
    1022
     991
    1006
     855
     900
     815
     804
     702
     656
     559
     569
     457
     450
     378
     380
     301
     288
     232
     192
     184
     184
     136
     144
     103
     107
      91
      69
      62
      52
      38
      43
      67
      36
      40
      31
      27
      25
      32
      18
      21
      23
      22
      18
      14
      22
      11
      18
      13
      24
      21
      20
      16
      17
      16
      11
      20
      20
      26
      12
      18
      16
      18
      14
      26
      15
      17
      21
      19
      16
      24
      20
      23
      17
      16
      17
      25
      18
      13
      13
      12
      11
      18
      14
      12
      13
      13
      14
      13
      11
      12
      13
       9
      10
      16
      11
      17
       8
      14
      18
      12
      12
      12
      12
      12
      13
      12
      16
      11
      19
      15
      19
      19
      21
      19
      19
      23
      22
      14
      18
      23
      31
      18
      22
      33
      27
      30
      24
      27
      31
      27
      20
      26
      31
      27
      30
      32
      24
      31
      34
      32
      31
      30
      28
      28
      33
      32
      37
      26
      24
      22
      22
      25
      35
      32
      29
      28
      36
      29
      23
      25
      27
      28
      37
      26
      32
      25
      41
      33
      25
      29
      29
      22
      34
      33
      23
      21
      17
      17
      18
      12
      21
      20
      15
      17
      21
      23
      13
      14
      11
      20
      21
      16
      16
       7
      18
      23
      32
      11
      20
      14
      16
      16
      12
      14
       9
      12
      10
       9
       9
       4
       5
       7
       8
       7
       5
       2
       6
       5
       2
       5
       2
       0
       0
       3
       1
       3
       1
       4
       1
       0
       2
       0
       0
       0
       0
       1
       1
       1
       0
       1
       0
       1
       0
       2
       2
       3
       0
       4
       2
       1
       3
       2
       0
       2
       2
       2
       2
       1
       1
       4
       1
       0
       0
       1
       2
       1
       0
       1
       2
       1
       0
       2
       1
       2
       1
       2
       0
       1
       0
       2
       1
       1
       2
       0
       2
       1
       1
       0
       1
       0
       0
       0
       0
       0
       0
       1
       1
       1
       0
       2
       2
       1
       2
       1
       0
       2
       0
       0
       0
       0
       0
       0
       3
       0
       0
       1
       2
       0
       2
       1
       0
       0
       1
       2
       0
       2
       0
       1
       0
       1
       1
       1
       0
       0
       0
       2
       1
       0
       1
       0
       0
       0
       0
       0
       0
       2
       2
       1
       1
       1
       0
       0
       1
       1
       2
       0
       0
       2
       1
       1
       0
       0
       0
       2
       0
       0
       0
       0
       1
       0
       3
       0
       1
       2
       0
       3
       1
       1
       0
       1
       1
       0
       0
       0
       0
       1
       1
       2
       1
       1
       0
       3
       0
       2
       2
       1
       0
       0
       2
       1
       0
       0
       2
       0
       1
       0
       1
       0
       0
       1
       0
       0
       0
       0
       1
       0
       1
       1
       0
       1
       0
       0
       0
       0
       0
       0
       0
       0
       0
       0
       1
       0
       0
       0
       0
       0
       0
       1
       1
       0
       0
       0
       0
       0
       0
       0
       0
       0
       1
       0
       0
       0
       0
       0
       0
       0
       0
       0
       0
       1
       1
       0
       0
       0
       1
       0
       0
       0
       0
       0
       0
       0
       0
       2
       0
       0
       1
       0
       0
       1
       0
       1
       0
       0
       0
       1
       1
       1
       0
       0
       0
       0
       0
       1
       0
       1
       0
       0
       0
       0
       0
       0
       0
       0
       0
       0
       0
       0
       0
       0
       0
       0
       0
       0
       0
       0
       0
       0
       0
       0
       0
       0
       0
       0
       0
       1
       0
       0
       0
       0
       0
       0
       0
       0
       0
       0
       0
       0
       0
       0
       0
       0
       0
       0
       0
       0
       0
       0
       0
       1
       0
       0
       0
       0
       0
       0
       0
       0
       0
       0
       0
       0
       0
       0
       0
       0
       0
       0
       1
       0
       0
       0
       0
       0
       0
       0
       0
       0
       0
       0
       0
       0
       0
       0
       0
       0
       0
       0
       0
       0
       0
       0
       0
       0
       0
       0
       0
       0
       0
       0
       0
       1
       1
       0
       0
       0
       0
       0
       0
       0
       0
       0
       0
       0
       0
       0
       0
       0
       0
       0
       0
       0
       0
       0
       0
       0
       0
       0
       1
       0
       0
       1
       0
       0
       0
       0
       0
       0
       0
       0
       0
       0
       0
       0
       0
       0
       0
       0
       0
       0
       0
       0
       0
       0
       0
       0
       0
       0
       0
       0
       0
       0
       0
       0
       1
       0
       0
       0
       0
       0
       0
       0
       0
       0
       0
       0
       0
       0
       0
       0
       0
       0
       0
       0
       0
       0
       0
       0
       0
       0
       0
       0
       0
       0
       0
       0
       0
       0
       0
       0
       0
       0
       0
       0
       0
       0
       0
       0
       0
       0
       0
       0
       0
       0
       0
       0
       0
       0
       0
       0
       0
       0
       0
       0
       0
       0
       0
       0
       0
       0
       0
       0
       0
       0
       0
       0
       0
       0
       0
       0
       0
       0
       0
       0
       0
       0
       0
       0
       0
       0
       0
       0
       0
       0
       0
       0
       0
       0
       0
       0
       0
       0
       0
       0
       0
       0
       0
       0
       0
       0
       0
       0
       0
       0
       0
       0
       0
       0
       0
       0
       0
       0
       0
       0
       0
       0
       0
       0
       0
       0
       0
       0
       0
       0
       0
       0
       0
       0
       1
       0
       0
       0
       0
       0
       0
       0
       0
       0
       0
       0
       0
       0
       0
       0
       0
       0
       0
       0
       0
       0
       0
       0
       0
       0
       0
       0
       0
       0
       0
       0
       0
       0
       0
       0
       0
       0
       0
       0
       0
       0
       0
       0
       0
       0
       0
       0
       0
       0
       0
       0
       0
       0
       0
       0
       0
       0
       0
       0
       0
       0
       0
       0
       0
       0
       0
       0
       0
       0
       0
       0
       0
       0
       0
       0
       0
       0
       0
       0
       0
       0
       0
       0
       0
       0
       0
       0
       0
       0
       0
       0
       1
       0
       0
       0
       1
       0
       0
       0
       0
       1
       0
       0
       1
       0
       0
       0
       0
       1
       1
       1
       0
       0
       1
       0
       0
       0
       0
       0
       2
       0
       0
       1
       0
       0
       0
       0
       0
       0
       0
       0
       0
       0
       0
       0
$ROI:
1
1496 1511
$PRESETS:
Live Time
600
0
$ENER_FIT:
0.000000 0.000000
$MCA_CAL:
3
0.000000E+000 0.000000E+000 0.000000E+000 
$SHAPE_CAL:
3
0.000000E+000 0.000000E+000 0.000000E+000
